[fondo.jpg]
filters=Vignette=1,50.000000,1.000000,0.000000,00000000;Soften=1,100.000000,24.561403;Comicize=1,10.526316,12.865498,68.421051;
moddate=1ef2f8b55c33da01
width=1280
height=854
textactive=0
